TRKinecttooltoNDI= [-0.272420537659488,0.947163463366693,-0.169317525154741,-0.196942840576172;
    -0.109398669372601,-0.205322571102695,-0.972560832511408,0.170299346923828;
    -0.955938796053817,-0.246422432945926,0.159552507784085,-1.24435388183594;
    0,0,0,1];
%TRKinectoNDI=[RT2;0,0,0,1];
TRKinectoNDI=[-0.779128554651514,-0.162985961470161,-0.605305106281362,-0.222395301219682;
    0.0448752860841348,-0.977632393994048,0.205477762573799,0.205922715895540;
    -0.625255870844497,0.132930352354587,0.769015355761753,-1.28453306870970;
    0,0,0,1];
%%TRNDItoKinect=[0.507775598870964,0.00180790224727522,0.861487476798530,1.90908177385793;-0.0223317471895039,-0.999634137689432,0.0152605318835547,0.0835984827477091;0.861199880549631,-0.0269874462550498,-0.507549449301182,-1.80301274451528;0,0,0,1];
% 
% TRKinectoNDI=[    0.0332    0.5537    0.8321    0.7729;
%     0.9990    0.0054   -0.0435    0.0668;
%    -0.0285    0.8327   -0.5530   -2.6122    ;
% 0                      0                     0                  1];
TRKinecttoKinecttool=inv(TRKinecttooltoNDI)*(TRKinectoNDI)
TRKinecttooltoKinect=inv(TRKinecttoKinecttool)