TRHoloLenstooltoNDI= [-0.505080906057917,-0.773035614614337,-0.383808828550815,-0.186624359130859;0.639894061718124,-0.0369934939350091,-0.767572192815999,0.224757965087891;0.579162212263193,-0.633283048837023,0.513345606723277,-1.19329431152344;0,0,0,1];

%TRKinectoNDI=[RT2;0,0,0,1];
TRHoloLensCameratoNDI=[   -0.8274 ,   0.3794  ,  0.4141,   -0.2390;
    0.0148  ,  0.7518 ,  -0.6593  ,  0.3661;
   -0.5614  , -0.5393 ,  -0.6276  , -1.1640;
    0,0,0,1];
%%TRNDItoKinect=[0.507775598870964,0.00180790224727522,0.861487476798530,1.90908177385793;-0.0223317471895039,-0.999634137689432,0.0152605318835547,0.0835984827477091;0.861199880549631,-0.0269874462550498,-0.507549449301182,-1.80301274451528;0,0,0,1];
% 
% TRKinectoNDI=[    0.0332    0.5537    0.8321    0.7729;
%     0.9990    0.0054   -0.0435    0.0668;
%    -0.0285    0.8327   -0.5530   -2.6122    ;
% 0                      0                     0                  1];
TRHoloLensCameratoHoloLenstool=inv(TRHoloLenstooltoNDI)*(TRHoloLensCameratoNDI)
TRHoloLenstooltoHoloLensCamera=inv(TRHoloLensCameratoHoloLenstool)
TRHoloLenstoHoloLenstool=[
0.0975262771988006	,-0.0431322212347106,	0.994297861179990	,0.0705467509747862;
0.995227668296462,	0.00748157594641098,	-0.0972929302598390,	0.0132814109105393;
-0.00324245476923128	,0.999041359260325	,0.0436560302175016	,-0.0752293725273258;
0	,0	,0	,1
]
TRHoloLensCameratoHoloLens=inv(TRHoloLensCameratoHoloLenstool)*TRHoloLenstoHoloLenstool